r,f,p_f,p_u
0.0,0.0,0.9241418199787566,0.07585818002124345
0.023773773773773772,0.00377968030010248,0.9214492794856824,0.07855072051431755
0.047547547547547545,0.007524385911397111,0.9186957074567232,0.08130429254327676
0.07132132132132132,0.011233465188096403,0.9158818757845975,0.08411812421540255
0.09509509509509509,0.014906263625069088,0.9130087053872218,0.08699129461277821
0.11886886886886885,0.018542134491455982,0.9100772612513576,0.08992273874864243
0.14264264264264265,0.022140448963330332,0.9070887459062654,0.09291125409373457
0.1664164164164164,0.02570060559855745,0.9040444914555426,0.09595550854445745
0.19019019019019018,0.029222039015977003,0.9009459503285323,0.09905404967146769
0.21396396396396394,0.03270422766412094,0.8977946849397509,0.1022053150602491
0.2377377377377377,0.036146700590754,0.8945923564646824,0.10540764353531762
0.2615115115115115,0.03954904315232864,0.8913407129525456,0.10865928704745442
0.2852852852852853,0.0429109016307073,0.8880415770011227,0.11195842299887726
0.30905905905905906,0.04623198675200875,0.884696833215795,0.11530316678420505
0.3328328328328328,0.049512076128102205,0.881308415665233,0.11869158433476701
0.3566066066066066,0.052751015664215584,0.8778782955307021,0.12212170446929793
0.38038038038038036,0.055948719995682586,0.8744084691258384,0.12559153087416164
0.4041541541541541,0.05910517203260889,0.8709009464402792,0.12909905355972084
0.4279279279279279,0.062220421703006096,0.8673577403349838,0.1326422596650162
0.45170170170170165,0.06529458399276133,0.8637808564906568,0.13621914350934317
0.4754754754754754,0.06832783638488868,0.8601722841844764,0.13982771581552356
0.49924924924924924,0.07132041580121107,0.8565339879452654,0.14346601205473464
0.523023023023023,0.07427261514739465,0.8528679001140346,0.14713209988596543
0.5467967967967967,0.07718477955762282,0.8491759143160144,0.15082408568398564
0.5705705705705706,0.08005730242867655,0.8454598798322195,0.15454012016778051
0.5943443443443444,0.08289062132530974,0.841721596843413,0.15827840315658703
0.6181181181181181,0.08568521383004828,0.8379628125070782,0.16203718749292184
0.6418918918918919,0.08844159340133183,0.8341852178185659,0.16581478218143408
0.6656656656656657,0.09116030529462815,0.8303904452007611,0.1696095547992389
0.6894394394394394,0.09384192259207115,0.8265800667621581,0.17341993323784188
0.7132132132132132,0.09648704237754512,0.8227555931608496,0.17724440683915044
0.736986986986987,0.09909628208612484,0.8189184730113043,0.18108152698869573
0.7607607607607607,0.10167027604949262,0.8150700927716438,0.18492990722835623
0.7845345345345345,0.10420967225246171,0.8112117770510986,0.1887882229489014
0.8083083083083082,0.10671512931004817,0.807344789280203,0.19265521071979697
0.832082082082082,0.10918731366966822,0.8034703326897717,0.19652966731022825
0.8558558558558558,0.11162689703892381,0.7995895515486483,0.2004104484513517
0.8796296296296295,0.11403455403606759,0.7957035326143828,0.20429646738561724
0.9034034034034033,0.116410960057516,0.7918133067552673,0.2081866932447327
0.9271771771771771,0.11875678935465449,0.7879198507064203,0.21208014929357966
0.9509509509509508,0.12107271331057855,0.7840240889267436,0.21597591107325642
0.9747247247247247,0.12335939890626563,0.780126895527539,0.219873104472461
0.9984984984984985,0.12561750736491384,0.776229096247303,0.22377090375269704
1.0222722722722721,0.12784769296275092,0.7723314704506771,0.22766852954932293
1.046046046046046,0.1300506019944483,0.768434753132732,0.23156524686726798
1.0698198198198197,0.13222687188133067,0.7645396369126508,0.2354603630873492
1.0935935935935934,0.13437713041079424,0.7606467740034997,0.23935322599650033
1.1173673673673672,0.13650199509570463,0.7567567781471142,0.24324322185288583
1.1411411411411412,0.13860207264300373,0.7528702265051928,0.24712977349480725
1.164914914914915,0.14067795852128254,0.748987661499528,0.251012338500472
1.1886886886886887,0.1427302366176535,0.7451095925958884,0.2548904074041116
1.2124624624624625,0.144759478974858,0.7412364980274521,0.25876350197254794
1.2362362362362362,0.14676624560016252,0.7373688264548832,0.2626311735451168
1.26001001001001,0.14875108433820977,0.7335069985611526,0.26649300143884735
1.2837837837837838,0.1507145308005959,0.7296514085800754,0.2703485914199246
1.3075575575575575,0.15265710834553295,0.7258024257582452,0.27419757424175484
1.3313313313313313,0.15457932810151653,0.7219603957506614,0.2780396042493386
1.355105105105105,0.1564816890294564,0.7181256419508248,0.28187435804917516
1.3788788788788788,0.15836467801822868,0.7142984667564936,0.28570153324350644
1.4026526526526526,0.16022877000909672,0.7104791527725801,0.2895208472274199
1.4264264264264264,0.16207442814486744,0.7066679639529653,0.2933320360470347
1.4502002002002001,0.16390210394008323,0.70286514668315,0.29713485331684997
1.473973973973974,0.1657122374689166,0.6990709308058304,0.3009290691941696
1.4977477477477477,0.16750525756778634,0.69528553059157,0.30471446940843006
1.5215215215215214,0.16928158205003727,0.6915091456568009,0.3084908543431991
1.5452952952952952,0.17104161793031444,0.6877419618314172,0.3122580381685828
1.569069069069069,0.17278576165653248,0.683984151978227,0.31601584802177296
1.5928428428428427,0.17451439934758164,0.6802358767665135,0.31976412323348646
1.6166166166166165,0.17622790703513214,0.6764972854019244,0.32350271459807556
1.6403903903903903,0.17792665090809773,0.6727685163148576,0.32723148368514243
1.664164164164164,0.1796109875584979,0.6690496978094629,0.3309503021905371
1.6879379379379378,0.1812812642276194,0.665340948675309,0.334659051324691
1.7117117117117115,0.18293781905152356,0.6616423787636966,0.3383576212363034
1.7354854854854853,0.18458098130507516,0.6579540895305273,0.34204591046947275
1.759259259259259,0.18621107164378475,0.6542761745475547,0.3457238254524453
1.7830330330330328,0.18782840234286013,0.6506087199837753,0.34939128001622466
1.8068068068068066,0.18943327753295616,0.6469518050586285,0.3530481949413715
1.8305805805805804,0.19102599343219273,0.6433055024686013,0.3566944975313987
1.8543543543543541,0.19260683857408448,0.6396698787887583,0.36033012121124175
1.878128128128128,0.194176094031091,0.6360449948506343,0.36395500514936574
1.9019019019019017,0.19573403363355246,0.6324309060978612,0.36756909390213877
1.9256756756756757,0.19728092418382598,0.628827662920821,0.37117233707917896
1.9494494494494494,0.1988170256654834,0.6252353109715538,0.3747646890284462
1.9732232232232232,0.20034259144746833,0.6216538914600791,0.3783461085399209
1.996996996996997,0.2018578684831454,0.6180834414332241,0.38191655856677587
2.0207707707707705,0.20336309750420406,0.6145239940369945,0.38547600596300546
2.0445445445445443,0.20485851320940418,0.610975578763461,0.389024421236539
2.068318318318318,0.20634434444817368,0.6074382216830807,0.3925617783169193
2.092092092092092,0.20782081439908712,0.6039119456633205,0.3960880543366795
2.1158658658658656,0.20928814074327093,0.6003967705743946,0.39960322942560544
2.1396396396396393,0.21074653583279385,0.5968927134828852,0.4031072865171148
2.163413413413413,0.21219620685411417,0.5933997888339698,0.4066002111660302
2.187187187187187,0.2136373559866639,0.5899180086229309,0.41008199137706913
2.2109609609609606,0.21507018055665944,0.5864473825565889,0.4135526174434111
2.2347347347347344,0.21649487318623345,0.5829879182052573,0.4170120817947427
2.258508508508508,0.21791162193798902,0.579539621145787,0.42046037885421295
2.2822822822822824,0.21932061045508167,0.5761024950962246,0.4238975049037754
2.306056056056056,0.2207220180969354,0.5726765420425909,0.4273234579574091
2.32982982982983,0.2221160200707057,0.5692617623582391,0.4307382376417609
2.3536036036036037,0.2235027875585987,0.5658581549162406,0.4341418450837594
2.3773773773773774,0.22488248784116102,0.5624657171952051,0.4375342828047949
2.401151151151151,0.2262552844166518,0.559084445378928,0.440915554621072
2.424924924924925,0.2276213371166105,0.5557143344502266,0.44428566554977345
2.4486986986986987,0.22898080221773143,0.5523553782793104,0.44764462172068964
2.4724724724724725,0.2303338325501565,0.549007569707003,0.45099243029299696
2.4962462462462462,0.23168057760229543,0.5456709006231243,0.4543290993768757
2.52002002002002,0.23302118362228105,0.5423453620403109,0.4576546379596891
2.543793793793794,0.23435579371616586,0.5390309441635441,0.46096905583645587
2.5675675675675675,0.2356845479429641,0.5357276364556386,0.4642723635443614
2.5913413413413413,0.2370075834066403,0.5324354276989213,0.46756457230107873
2.615115115115115,0.23832503434514482,0.529154306053329,0.470845693946671
2.638888888888889,0.23963703221659285,0.5258842591111272,0.47411574088887276
2.6626626626626626,0.24094370578268198,0.5226252739484486,0.4773747260515514
2.6864364364364364,0.24224518118943997,0.5193773371738343,0.4806226628261657
2.71021021021021,0.2435415820453939,0.51614043497395,0.48385956502605
2.733983983983984,0.24483302949724564,0.5129145531566415,0.4870854468433585
2.7577577577577577,0.24611964230314085,0.5096996771914797,0.4903003228085203
2.7815315315315314,0.24740153690361136,0.506495792247941,0.49350420775205905
2.805305305305305,0.2486788274902723,0.5033028832313581,0.4966971167686419
2.829079079079079,0.24995162607235027,0.5001209348167661,0.4998790651832339
2.8528528528528527,0.251220042541118,0.496949931480766,0.5030500685192341
2.8766266266266265,0.2524841847323065,0.49378985753151905,0.506210142468481
2.9004004004004003,0.25374415848656634,0.49064069713697356,0.5093593028630264
2.924174174174174,0.25500006770804523,0.48750243435142776,0.5124975656485722
2.947947947947948,0.2562520144211461,0.4843750531405227,0.5156249468594774
2.9717217217217216,0.25750009882553077,0.48125853740475044,0.5187414625952496
2.9954954954954953,0.2587444193494292,0.478152871001564,0.521847128998436
3.019269269269269,0.2599850727013135,0.4750580377661655,0.5249419622338345
3.043043043043043,0.2612221539199932,0.4719740215310478,0.5280259784689523
3.0668168168168166,0.26245575642318814,0.4689008061443576,0.5310991938556424
3.0905905905905904,0.2636859720546302,0.46583837548714707,0.5341616245128529
3.114364364364364,0.26491289112974614,0.462786713489575,0.537213286510425
3.138138138138138,0.26613660247997106,0.4597458041461157,0.5402541958538842
3.1619119119119117,0.26735719349573905,0.4567156315298311,0.5432843684701689
3.1856856856856854,0.2685747501681983,0.45369617980575616,0.5463038201942438
3.209459459459459,0.2697893571296936,0.45068743324345,0.5493125667565499
3.233233233233233,0.27100109769305997,0.44768937622875415,0.5523106237712458
3.2570070070070067,0.27221005388976843,0.44470199327480386,0.5552980067251961
3.2807807807807805,0.273416306506963,0.44172526903233394,0.5582747309676661
3.3045545545545543,0.2746199351234276,0.4387591882993167,0.5612408117006833
3.328328328328328,0.2758210181445199,0.43580373602996736,0.5641962639700326
3.352102102102102,0.2770196328361073,0.4328588973431551,0.5671411026568449
3.3758758758758756,0.2782158553575402,0.4299246575302452,0.5700753424697548
3.3996496496496493,0.2794097607936936,0.4270010020624127,0.5729989979375874
3.423423423423423,0.2806014231861115,0.42408791659744727,0.5759120834025527
3.447197197197197,0.28179091556328295,0.4211853869860799,0.5788146130139201
3.4709709709709706,0.28297830997007983,0.4182933992778619,0.5817066007221381
3.4947447447447444,0.2841636774963852,0.4154119397266108,0.5845880602733893
3.518518518518518,0.2853470883049392,0.41254099479545525,0.5874590052045447
3.542292292292292,0.2865286116584301,0.40968055116149465,0.5903194488385053
3.5660660660660657,0.2877083159458538,0.40683059572009816,0.5931694042799018
3.5898398398398395,0.2888862687081695,0.4039911155888582,0.5960088844111417
3.613613613613613,0.2900625366632732,0.40116209811121933,0.5988379018887806
3.637387387387387,0.29123718573031154,0.39834353085980095,0.6016564691401991
3.6611611611611607,0.29241028105336037,0.39553540163942646,0.6044645983605735
3.6849349349349345,0.2935818870244873,0.3927376984898763,0.6072623015101237
3.7087087087087083,0.29475206730621956,0.3899504096883795,0.6100495903116205
3.732482482482482,0.29592088485343665,0.3871735237518589,0.6128264762481411
3.756256256256256,0.2970884019347081,0.38440702943893684,0.6155929705610632
3.7800300300300296,0.29825468015309253,0.3816509157517226,0.6183490842482774
3.8038038038038033,0.2994197804664181,0.3789051719373854,0.6210948280626146
3.8275775775775776,0.30058376320706015,0.37616978748952784,0.6238302125104722
3.8513513513513513,0.30174668810123323,0.3734447521493688,0.6265552478506312
3.875125125125125,0.3029086142878126,0.370730055906746,0.629269944093254
3.898898898898899,0.3040696003367024,0.3680256890009463,0.6319743109990537
3.9226726726726726,0.30522970426676305,0.3653316419213736,0.6346683580786264
3.9464464464464464,0.30638898356331407,0.3626479054080633,0.6373520945919366
3.97022022022022,0.3075474951952256,0.35997447045204645,0.6400255295479536
3.993993993993994,0.3087052956316118,0.3573113282955775,0.6426886717044225
4.017767767767768,0.3098624408581394,0.3546584704322259,0.645341529567774
4.041541541541541,0.31101898639296277,0.35201588860684513,0.6479841113931548
4.065315315315315,0.31217498730230037,0.34938357481541543,0.6506164251845845
4.0890890890890885,0.3133304982156602,0.3467615213047776,0.6532384786952223
4.112862862862863,0.3144855733407294,0.3441497205722528,0.6558502794277472
4.136636636636636,0.3156402664779354,0.34154816536516064,0.6584518346348394
4.16041041041041,0.3167946310346924,0.3389568486802354,0.6610431513197645
4.184184184184184,0.3179487200393402,0.33637576376294864,0.6636242362370514
4.207957957957958,0.3191025861547878,0.3338049041067395,0.6661950958932605
4.231731731731731,0.3202562816918689,0.33124426345215857,0.6687557365478414
4.255505505505505,0.3214098586224208,0.32869383578592704,0.671306164214073
4.279279279279279,0.32256336859209284,0.32615361533991716,0.6738463846600828
4.303053053053053,0.3237168629328961,0.3236235965900537,0.6763764034099463
4.326826826826826,0.3248703926754987,0.3211037742551449,0.6788962257448551
4.3506006006006,0.32602400856127906,0.31859414329563734,0.6814058567043626
4.374374374374374,0.3271777610541401,0.31609469891230774,0.6839053010876923
4.398148148148148,0.3283317003520967,0.3136054365448835,0.6863945634551165
4.421921921921921,0.32948587639863924,0.3111263518706031,0.6888736481293969
4.4456956956956954,0.33064033889388306,0.308657440802713,0.691342559197287
4.469469469469469,0.33179513730550897,0.306198699488905,0.693801300511095
4.493243243243243,0.3329503208795025,0.30375012430969534,0.6962498756903046
4.517017017017016,0.3341059386506969,0.3013117118767473,0.6986882881232527
4.5407907907907905,0.33526203945312705,0.29888345903113916,0.7011165409688609
4.564564564564565,0.33641867193019914,0.29646536284157887,0.7035346371584211
4.588338338338338,0.33757588454468285,0.2940574206025648,0.7059425793974352
4.612112112112112,0.33873372558853054,0.2916596298324968,0.7083403701675032
4.635885885885886,0.3398922431925293,0.2892719882717367,0.7107280117282633
4.65965965965966,0.34105148533579066,0.2868944938806187,0.7131055061193813
4.683433433433433,0.3422114998550828,0.2845271448374126,0.7154728551625874
4.707207207207207,0.3433723344540113,0.282169939536237,0.7178300604637631
4.730980980980981,0.34453403671205035,0.2798228765849271,0.7201771234150729
4.754754754754755,0.3456966540934317,0.2774859548028563,0.7225140451971437
4.778528528528528,0.34686023395589416,0.2751591732187083,0.7248408267812917
4.802302302302302,0.3480248235592976,0.2728425310682069,0.7271574689317931
4.826076076076076,0.34919047007410664,0.27053602779179714,0.7294639722082028
4.84984984984985,0.35035722058974655,0.26823966303228336,0.7317603369677166
4.873623623623623,0.351525122122836,0.26595343663241944,0.7340465633675806
4.897397397397397,0.35269422162530023,0.2636773486324548,0.7363226513675452
4.921171171171171,0.35386456599236665,0.2614113992676363,0.7385886007323637
4.944944944944945,0.35503620207044956,0.25915558896566054,0.7408444110343395
4.968718718718718,0.3562091766649225,0.2569099183440856,0.7430900816559144
4.9924924924924925,0.3573835365477858,0.2546743882076929,0.745325611792307
5.016266266266266,0.35855932846523,0.25244899954580335,0.7475510004541966
5.04004004004004,0.3597365991450974,0.25023375352954963,0.7497662464704504
5.063813813813813,0.36091539530424693,0.2480286515090984,0.7519713484909016
5.087587587587588,0.362095763655823,0.24583369501082575,0.7541663049891743
5.111361361361361,0.3632777509164309,0.24364888573444682,0.7563511142655532
5.135135135135135,0.3644614038132232,0.24147422555009326,0.7585257744499068
5.158908908908908,0.36564676909089644,0.23930971649534585,0.7606902835046542
5.182682682682683,0.3668338935186035,0.23715536077221408,0.7628446392277859
5.206456456456456,0.36802282389678165,0.23501116074406622,0.7649888392559338
5.23023023023023,0.3692136070638988,0.23287711893250998,0.76712288106749
5.2540040040040035,0.3704062899031207,0.23075323801421863,0.7692467619857813
5.277777777777778,0.37160091934890044,0.2286395208177067,0.7713604791822933
5.301551551551551,0.3727975423934915,0.22653597032005124,0.7734640296799488
5.325325325325325,0.3739962060933876,0.22444258964355773,0.7755574103564422
5.3490990990990985,0.3751969575756887,0.22235938205237338,0.7776406179476266
5.372872872872873,0.37639984404439764,0.2202863509490412,0.7797136490509589
5.396646646646646,0.3776049127866456,0.21822349987099882,0.7817765001290011
5.42042042042042,0.3788122111788508,0.21617083248701857,0.7838291675129814
5.444194194194194,0.3800217866928093,0.21412835259358845,0.7858716474064116
5.467967967967968,0.38123368690172116,0.21209606411123205,0.787903935888768
5.491741741741741,0.3824479594861513,0.21007397108076856,0.7899260289192315
5.515515515515515,0.3836646522399274,0.20806207765950896,0.791937922340491
5.539289289289289,0.38488381307597563,0.20606038811738897,0.793939611882611
5.563063063063063,0.38610549003209405,0.20406890683303808,0.7959310931669619
5.586836836836836,0.3873297312766667,0.20208763828978096,0.7979123617102191
5.61061061061061,0.3885565851143165,0.20011658707157323,0.7998834129284268
5.634384384384384,0.3897860999915,0.19815575785886821,0.8018442421411318
5.658158158158158,0.3910183245020428,0.19620515542441433,0.8037948445755857
5.681931931931931,0.3922533073926182,0.1942647846289808,0.8057352153710192
5.7057057057057055,0.3934910975681666,0.1923346504170128,0.8076653495829872
5.729479479479479,0.3947317440972598,0.1904147578122112,0.8095852421877888
5.753253253253253,0.39597529621740724,0.18850511191303956,0.8114948880869605
5.777027027027026,0.39722180334030605,0.18660571788815408,0.813394282111846
5.8008008008008005,0.3984713150570354,0.18471658097175617,0.8152834190282439
5.824574574574574,0.39972388114319446,0.18283770645886638,0.8171622935411336
5.848348348348348,0.4009795515639841,0.18096909970051894,0.8190309002994811
5.872122122122121,0.40223837647923255,0.17911076609887558,0.8208892339011244
5.895895895895896,0.40350040624836614,0.17726271110225333,0.8227372888977467
5.919669669669669,0.40476569143532204,0.17542494020007365,0.8245750597999264
5.943443443443443,0.40603428281340603,0.1735974589177216,0.8264025410822784
5.967217217217216,0.4073062313700928,0.17178027281132097,0.8282197271886791
5.990990990990991,0.40858158831177016,0.16997338746242036,0.8300266125375797
6.014764764764764,0.4098604050684242,0.16817680847259112,0.8318231915274089
6.038538538538538,0.41114273329826884,0.1663905414579325,0.8336094585420675
6.0623123123123115,0.41242862489231463,0.16461459204348852,0.8353854079565115
6.086086086086086,0.4137181319788813,0.16284896585756678,0.8371510341424332
6.10985985985986,0.4150113069280471,0.16109366852596826,0.8389063314740317
6.133633633633633,0.41630820235604166,0.15934870566611656,0.8406512943338834
6.157407407407407,0.41760887112957484,0.15761408288109335,0.8423859171189066
6.181181181181181,0.41891336637010435,0.15588980575357483,0.8441101942464252
6.204954954954955,0.42022174145804164,0.15417587983966738,0.8458241201603326
6.228728728728728,0.421534050036892,0.152472310662645,0.847527689337355
6.2525025025025025,0.4228503460173305,0.15077910370658387,0.8492208962934161
6.276276276276276,0.4241706835812127,0.14909626440989363,0.8509037355901063
6.30005005005005,0.425495117185516,0.14742379815874612,0.8525762018412539
6.323823823823823,0.4268237015662151,0.14576171028039805,0.8542382897196019
6.347597597597598,0.42815649174208553,0.144110006036408,0.855889993963592
6.371371371371371,0.42949354301843684,0.1424686906157478,0.8575313093842523
6.395145145145145,0.4308349109907733,0.14083776912780463,0.8591622308721953
6.418918918918918,0.4321806515483804,0.13921724659527496,0.860782753404725
6.442692692692693,0.4335308208778353,0.13760712794695018,0.8623928720530498
6.466466466466466,0.43488547546644096,0.13600741801039,0.8639925819896099
6.49024024024024,0.4362446721055801,0.13441812150448756,0.8655818784955125
6.5140140140140135,0.4376084678939899,0.1328392430319212,0.8671607569680788
6.537787787787788,0.43897692024095336,0.1312707870714946,0.8687292129285054
6.561561561561561,0.44035008686940613,0.1297127579703662,0.8702872420296338
6.585335335335335,0.4417280258189586,0.12816515993616295,0.871834840063837
6.6091091091091085,0.443110795448828,0.12662799702898359,0.8733720029710164
6.632882882882883,0.44449845444068226,0.12510127315328629,0.8748987268467137
6.656656656656656,0.44589106180139015,0.12358499204966511,0.8764150079503349
6.68043043043043,0.44728867686567814,0.12207915728651082,0.8779208427134891
6.704204204204204,0.44869135929869036,0.12058377225155964,0.8794162277484403
6.727977977977978,0.4500991690984503,0.11909884014332732,0.8809011598566727
6.751751751751751,0.451512166598221,0.11762436396243214,0.8823756360375679
6.775525525525525,0.4529304124687632,0.1161603465028026,0.8838396534971974
6.799299299299299,0.4543539677204865,0.11470679034277538,0.8852932096572246
6.823073073073073,0.45578289370549424,0.11326369783607948,0.8867363021639205
6.846846846846846,0.4572172521195165,0.1118310711027121,0.8881689288972879
6.87062062062062,0.4586571050037327,0.11040891201970089,0.8895910879802991
6.894394394394394,0.4601025147464754,0.10899722221176138,0.8910027777882387
6.918168168168168,0.4615535440848205,0.1075960030418433,0.8924039969581568
6.941941941941941,0.4630102561060543,0.10620525560157214,0.8937947443984279
6.9657157157157155,0.46447271424901887,0.10482498070158465,0.8951750192984154
6.989489489489489,0.46594098230533215,0.10345517886176198,0.8965448211382381
7.013263263263263,0.4674151244204797,0.1020958503013599,0.8979041496986401
7.037037037037036,0.46889520509477656,0.10074699492904,0.89925300507096
7.0608108108108105,0.4703812891841945,0.09940861233280396,0.900591387667196
7.084584584584584,0.47187344190105546,0.09808070176983061,0.9019192982301694
7.108358358358358,0.4733717288145854,0.09676326215622211,0.9032367378437779
7.132132132132131,0.47487621585132683,0.0954562920566591,0.9045437079433409
7.155905905905906,0.47638696929540847,0.09415978967396882,0.9058402103260312
7.179679679679679,0.4779040557886688,0.09287375283860856,0.9071262471613915
7.203453453453453,0.4794275423306294,0.09159817899806968,0.9084018210019303
7.227227227227226,0.4809574962783187,0.09033306520620246,0.9096669347937976
7.251001001001001,0.4824939853459411,0.08907840811246824,0.9109215918875317
7.274774774774774,0.4840370776043886,0.0878342039511227,0.9121657960488773
7.298548548548548,0.4855868414805954,0.08660044853033189,0.9133995514696681
7.3223223223223215,0.48714334575672974,0.08537713722122865,0.9146228627787714
7.346096096096096,0.4887066595692233,0.08416426494691163,0.9158357350530884
7.369869869869869,0.49027685240763336,0.08296182617139354,0.9170381738286064
7.393643643643643,0.49185399411333774,0.08176981488850234,0.9182301851114977
7.417417417417417,0.4934381548780586,0.08058822461074232,0.9194117753892577
7.441191191191191,0.495029405242215,0.0794170483581182,0.9205829516418818
7.464964964964964,0.496627816093099,0.07825627864693217,0.9217437213530678
7.488738738738738,0.49823345866287766,0.07710590747855496,0.922894092521445
7.512512512512512,0.4998464045264147,0.0759659263281826,0.9240340736718174
7.536286286286286,0.5014667255989139,0.07483632613358113,0.9251636738664188
7.560060060060059,0.5030944941333804,0.07371709728382884,0.9262829027161712
7.583833833833833,0.5047297827178977,0.07260822960806343,0.9273917703919365
7.607607607607607,0.5063726642727234,0.071509712364239,0.928490287635761
7.631381381381381,0.5080232120471965,0.07042153422790401,0.929578465772096
7.655155155155155,0.5096814996164594,0.06934368328100596,0.9306563167189941
7.678928928928928,0.5113476008779925,0.0682761470007323,0.9317238529992677
7.702702702702703,0.5130215900479612,0.06721891224839488,0.9327810877516052
7.726476476476476,0.5147035416573726,0.06617196525836933,0.9338280347416307
7.75025025025025,0.5163935305480452,0.06513529162709515,0.9348647083729048
7.7740240240240235,0.518091631868387,0.06410887630214974,0.9358911236978502
7.797797797797798,0.5197979210689876,0.06309270357140209,0.9369072964285979
7.821571571571571,0.5215124738980184,0.06208675705225995,0.93791324294774
7.845345345345345,0.523235366396447,0.0610910196810171,0.938908980318983
7.8691191191191185,0.5249666748930614,0.0601054737023155,0.9398945262976846
7.892892892892893,0.5267064759993099,0.05913010065872799,0.940869899341272
7.916666666666666,0.5284548466039539,0.05816488138047711,0.9418351186195228
7.94044044044044,0.5302118638675377,0.0572097959752983,0.9427902040247017
7.964214214214214,0.5319776052166748,0.05626482381846086,0.9437351761815391
7.987987987987988,0.5337521483381554,0.05532994354295667,0.9446700564570434
8.011761761761761,0.5355355711728754,0.05440513302986988,0.9455948669701302
8.035535535535535,0.5373279519095892,0.05349036939893969,0.9465096306010603
8.05930930930931,0.539129368978491,0.05258562899932738,0.9474143710006726
8.083083083083082,0.5409399010446267,0.05169088740060116,0.9483091125993989
8.106856856856856,0.5427596270011411,0.05080611938395091,0.9491938806160491
8.13063063063063,0.5445886259623589,0.04993129893364715,0.9500687010663529
8.154404404404405,0.5464269772567151,0.04906639922875356,0.9509336007712464
8.178178178178177,0.5482747604195254,0.04821139263511099,0.951788607364889
8.201951951951951,0.5501320551856131,0.04736625069760199,0.952633749302398
8.225725725725725,0.5519989414817909,0.0465309441327116,0.9534690558672884
8.2494994994995,0.5538754994192031,0.04570544282139773,0.9542945571786022
8.273273273273272,0.5557618092855426,0.044889715802281446,0.9551102841977186
8.297047047047046,0.5576579515371358,0.04408373126517578,0.9559162687348243
8.32082082082082,0.5595640067909119,0.04328745654496246,0.9567125434550375
8.344594594594595,0.5614800558162616,0.04250085811583079,0.9574991418841692
8.368368368368367,0.5634061795267905,0.04172390158589346,0.9582760984141065
8.392142142142141,0.5653424589719757,0.040956551692191735,0.9590434483078083
8.415915915915916,0.5672889753287342,0.040198772296103275,0.9598012277038968
8.43968968968969,0.5692458098929146,0.039450526379165074,0.9605494736208349
8.463463463463462,0.5712130440707129,0.03871177603932687,0.9612882239606731
8.487237237237236,0.5731907593700318,0.03798248248764504,0.962017517512355
8.51101101101101,0.5751790373917848,0.03726260604543189,0.9627373939545681
8.534784784784785,0.5771779598211604,0.036552106141871314,0.9634478938581287
8.558558558558557,0.5791876084188534,0.03585094131211456,0.9641490586878855
8.582332332332332,0.5812080650122776,0.03515906919586619,0.9648409308041338
8.606106106106106,0.5832394114867665,0.03447644653647386,0.9655235534635261
8.62987987987988,0.5852817297767765,0.03380302918053197,0.966196970819468
8.653653653653652,0.5873351018571041,0.03313877207801067,0.9668612279219894
8.677427427427427,0.5893996097341293,0.03248362928292011,0.9675163707170799
8.7012012012012,0.591475335437093,0.03183755395452205,0.968162446045478
8.724974974974975,0.5935623610094304,0.031200498359095493,0.9687995016409046
8.748748748748747,0.5956607685001637,0.03057241387226831,0.9694275861277317
8.772522522522522,0.5977706399553734,0.029953250981922093,0.9700467490180779
8.796296296296296,0.5998920574097583,0.029342959291679016,0.970657040708321
8.82007007007007,0.6020251028782992,0.028741487524978192,0.9712585124750218
8.843843843843842,0.6041698583480426,0.028148783529747624,0.9718512164702524
8.867617617617617,0.6063264057700132,0.027564794283679733,0.9724352057163203
8.891391391391391,0.6084948270512731,0.026989465900115084,0.9730105340998849
8.915165165165165,0.6106752040471416,0.02642274363453948,0.9735772563654606
8.938938938938938,0.6128676185535898,0.025864571891698624,0.9741354281083013
8.962712712712712,0.6150721522998264,0.025314894233333912,0.9746851057666661
8.986486486486486,0.6172888869410833,0.024773653386543085,0.9752263466134569
9.01026026026026,0.6195179040516251,0.02424079125276589,0.9757592087472341
9.034034034034033,0.6217592851179888,0.023716248917397733,0.9762837510826022
9.057807807807807,0.6240131115324762,0.023199966660030033,0.97680003333997
9.081581581581581,0.6262794645869052,0.022691883965318654,0.9773081160346814
9.105355355355355,0.6285584254666435,0.02219193953447706,0.9778080604655229
9.12912912912913,0.6308500752449323,0.02170007129739363,0.9782999287026064
9.152902902902902,0.6331544948775197,0.021216216425368542,0.9787837835746315
9.176676676676676,0.6354717651976168,0.020740311344467015,0.979259688655533
9.20045045045045,0.6378019669111871,0.02027229174948408,0.9797277082505159
9.224224224224224,0.6401451805925891,0.019812092618514084,0.9801879073814859
9.247997997997997,0.6425014866805844,0.01935964822811843,0.9806403517718816
9.271771771771771,0.6448709654747199,0.018914892169084478,0.9810851078309155
9.295545545545545,0.6472536971321061,0.018477757362765364,0.9815222426372346
9.31931931931932,0.6496497616645973,0.018048176077992403,0.9819518239220076
9.343093093093092,0.6520592389363893,0.017626079948548805,0.9823739200514512
9.366866866866866,0.6544822086620484,0.017211399991192842,0.9827886000088072
9.39064064064064,0.6569187504049807,0.01680406662421868,0.9831959333757814
9.414414414414415,0.6593689435763549,0.016404009686540905,0.9835959903134591
9.438188188188187,0.6618328674344888,0.01601115845728863,0.9839888415427114
9.461961961961961,0.6643106010847134,0.01562544167589355,0.9843745583241065
9.485735735735735,0.6668022234797188,0.015246787562656693,0.9847532124373433
9.50950950950951,0.6693078134203956,0.014875123839776166,0.9851248761602238
9.533283283283282,0.6718274495571813,0.014510377752818186,0.9854896222471818
9.557057057057056,0.6743612103919171,0.014152476092613284,0.9858475239073867
9.58083083083083,0.6769091742802262,0.01380134521755771,0.9861986547824423
9.604604604604605,0.6794714194344166,0.013456911076300676,0.9865430889236994
9.628378378378377,0.6820480239269208,0.013119099230795635,0.9868809007692043
9.652152152152151,0.6846390656942736,0.012787834879694985,0.987212165120305
9.675925925925926,0.687244622541624,0.012463042882066918,0.9875369571179331
9.6996996996997,0.6898647721478467,0.012144647781404304,0.9878553522185957
9.723473473473472,0.692499592071108,0.01183257382992066,0.9881674261700794
9.747247247247246,0.6951491597550881,0.011526745013084792,0.9884732549869152
9.77102102102102,0.6978135525357105,0.01122708507438846,0.9887729149256116
9.794794794794795,0.7004928476484434,0.010933517540314746,0.9890664824596852
9.818568568568567,0.7031871222361621,0.01064596574548313,0.9893540342545168
9.842342342342342,0.7058964533575731,0.010364352857946006,0.989635647142054
9.866116116116116,0.7086209179961994,0.010088601904610727,0.9899113980953893
9.88988988988989,0.7113605930699253,0.00981863579676131,0.9901813642032387
9.913663663663662,0.7141155554410987,0.009554377355653416,0.9904456226443465
9.937437437437437,0.7168858819271912,0.00929574933815628,0.9907042506618438
9.96121121121121,0.7196716493120057,0.009042674462415417,0.9909573255375845
9.984984984984985,0.7224729343574338,0.00879507543350949,0.9912049245664906
10.008758758758757,0.7252898138157565,0.008552874969074628,0.9914471250309254
10.032532532532532,0.7281223644424809,0.00831599582487031,0.9916840041751297
10.056306306306306,0.7309706630097053,0.008084360820260442,0.9919156391797396
10.08008008008008,0.7338347863200124,0.00785789286358309,0.9921421071364169
10.103853853853852,0.7367148112208756,0.007636514977383778,0.9923634850226162
10.127627627627627,0.7396108146195727,0.00742015032348618,0.9925798496765138
10.151401401401401,0.742522873498601,0.00720872222787522,0.9927912777721247
10.175175175175175,0.7454510649315795,0.007002154205367734,0.9929978457946322
10.198948948948948,0.7483954660996325,0.006800369984046019,0.993199630015954
10.222722722722722,0.751356154308238,0.006603293529430813,0.9933967064705692
10.246496496496496,0.7543332070045417,0.006410849068369283,0.9935891509316307
10.27027027027027,0.7573267017951069,0.006222961112616376,0.9937770388873837
10.294044044044043,0.7603367164641076,0.006039554482086006,0.993960445517914
10.317817817817817,0.7633633289919376,0.005860554327751228,0.9941394456722488
10.341591591591591,0.7664066175742303,0.0056858861541719714,0.994314113845828
10.365365365365365,0.769466660641273,0.00551547584163025,0.9944845241583697
10.389139139139138,0.7725435368778042,0.005349249667853055,0.9946507503321469
10.412912912912912,0.7756373252431791,0.005187134329304358,0.9948128656706956
10.436686686686686,0.7787481049918844,0.005029056962028311,0.9949709430379717
10.46046046046046,0.7818759556943986,0.004874945162026053,0.995125054837974
10.484234234234233,0.7850209572583724,0.004724727005150334,0.9952752729948496
10.508008008008007,0.7881831899501198,0.004578331066502219,0.9954216689334978
10.531781781781781,0.7913627344164051,0.004435686439315369,0.9955643135606846
10.555555555555555,0.7945596717065081,0.004296722753314373,0.9957032772466856
10.579329329329328,0.797774083294552,0.004161370192534374,0.9958386298074656
10.603103103103102,0.8010060511020868,0.004029559512589987,0.99597044048741
10.626876876876876,0.8042556575208983,0.0039012220573831514,0.9960987779426168
10.65065065065065,0.8075229854360417,0.003776289775239579,0.9962237102247604
10.674424424424425,0.8108081182490765,0.0036546952344650467,0.996345304765535
10.698198198198197,0.8141111399014902,0.003536371638313577,0.9964636283616864
10.721971971971971,0.8174321348982968,0.0034212528393603972,0.9965787471606397
10.745745745745745,0.8207711883317894,0.0033092733532737663,0.9966907266467262
10.76951951951952,0.8241283859054447,0.0032003683719801753,0.9967996316280199
10.793293293293292,0.8275038139579484,0.0030944737762191865,0.9969055262237808
10.817067067067066,0.8308975594873427,0.0029915261474842843,0.9970084738525157
10.84084084084084,0.834309710175271,0.0028914627793475392,0.9971085372206525
10.864614614614615,0.8377403544113131,0.0027942216881665597,0.9972057783118334
10.888388388388387,0.8411895813173911,0.002699741623173296,0.9973002583768267
10.912162162162161,0.8446574807722418,0.002607962075944711,0.9973920379240553
10.935935935935936,0.8481441434359316,0.0025188232892568462,0.9974811767107431
10.95970970970971,0.8516496607744103,0.0024322662653239375,0.9975677337346761
10.983483483483482,0.8551741250840916,0.0023482327734254253,0.9976517672265746
11.007257257257256,0.8587176295164403,0.002266665356924615,0.9977333346430753
11.03103103103103,0.8622802681025646,0.002187507339683044,0.9978124926603169
11.054804804804805,0.8658621357777979,0.0021107028318757726,0.9978892971681242
11.078578578578577,0.8694633284062611,0.0020361967352132675,0.9979638032647867
11.102352352352352,0.8730839428053953,0.0019639347475763555,0.9980360652524236
11.126126126126126,0.8767240767704533,0.00189386336707136,0.9981061366329287
11.1498998998999,0.8803838290989457,0.0018259298955130112,0.998174070104487
11.173673673673672,0.8840632996150295,0.001760082441343528,0.9982399175586565
11.197447447447447,0.8877625891938319,0.0016962699219966366,0.9983037300780033
11.22122122122122,0.8914817997857012,0.001634442065716013,0.9983655579342839
11.244994994994995,0.8952210344403824,0.00157454941283785,0.9984254505871621
11.268768768768767,0.8989803973311014,0.0015165433165481002,0.998483456683452
11.292542542542542,0.9027599937785633,0.0014603759431249923,0.998539624056875
11.316316316316316,0.9065599302748524,0.001406000271678066,0.998593999728322
11.34009009009009,0.9103803145072266,0.001353370093395367,0.9986466299066047
11.363863863863862,0.91422125538181,0.0013024400103105328,0.9986975599896895
11.387637637637637,0.9180828630471751,0.0012531654336020636,0.9987468345663979
11.411411411411411,0.9219652489178067,0.0012055025814373408,0.9987944974185626
11.435185185185185,0.9258685256974545,0.0011594084763739629,0.998840591523626
11.458958958958958,0.9297928074023615,0.0011148409423315363,0.9988851590576685
11.482732732732732,0.9337382093843766,0.001071758601146927,0.9989282413988531
11.506506506506506,0.9377048483539386,0.0010301208687264387,0.9989698791312736
11.53028028028028,0.941692842402941,0.0009898879508082488,0.9990101120491918
11.554054054054053,0.945702311027468,0.000951020838348789,0.9990489791616513
11.577827827827827,0.949733375150413,0.0009134813025465883,0.9990865186974535
11.601601601601601,0.9537861571439636,0.000877231889517488,0.9991227681104825
11.625375375375375,0.9578607808519684,0.0008422359146348115,0.9991577640853652
11.649149149149148,0.9619573716121842,0.000808457456548283,0.9991915425434518
11.672922922922922,0.9660760562783957,0.0007758613508955714,0.9992241386491044
11.696696696696696,0.9702169632424206,0.0007444131837200255,0.99925558681628
11.72047047047047,0.974380222455997,0.0007140792846083701,0.9992859207153917
11.744244244244243,0.9785659654525586,0.0006848267195619043,0.9993151732804381
11.768018018018017,0.9827743253688995,0.0006566232836147344,0.9993433767163853
11.791791791791791,0.9870054369667289,0.0006294374932124381,0.9993705625067876
11.815565565565565,0.9912594366541269,0.0006032385783644024,0.9993967614216356
11.839339339339338,0.9955364625068995,0.0005779964745829619,0.999422003525417
11.863113113113112,0.9998366542898404,0.0005536818146223226,0.9994463181853777
11.886886886886886,1.004160153477901,0.0005302659200300456,0.99946973407997
11.91066066066066,1.0085071032772808,0.0005077207925236755,0.9994922792074763
11.934434434434433,1.012877648646435,0.00048601910520496147,0.999513980894795
11.958208208208207,1.0172719363170108,0.000465134193623835,0.9995348658063762
11.981981981981981,1.0216901148147186,0.0004450400467041165,0.9995549599532959
12.005755755755755,1.0261323344801387,0.0004257112975427267,0.9995742887024572
12.029529529529528,1.0305987474894787,0.00040712321409385615,0.9995928767859061
12.053303303303302,1.0350895078752806,0.000389251689749403,0.9996107483102507
12.077077077077076,1.03960477154709,0.0003720732338266403,0.9996279267661734
12.10085085085085,1.0441446963120902,0.0003555649619738784,0.9996444350380261
12.124624624624623,1.0487094418957135,0.0003397045865045838,0.9996602954134954
12.148398398398397,1.0532991699622327,0.000324470406670166,0.9996755295933298
12.172172172172171,1.0579140441353458,0.0003098412988813456,0.9996901587011187
12.195945945945946,1.0625542300187554,0.00029579670688777447,0.9997042032931123
12.21971971971972,1.0672198952167586,0.00028231663192524224,0.9997176833680748
12.243493493493492,1.071911209354847,0.00026938162283959,0.9997306183771604
12.267267267267266,1.0766283441003366,0.0002569727661960768,0.9997430272338039
12.29104104104104,1.081371473183024,0.00024507167638275593,0.9997549283236172
12.314814814814815,1.0861407724158874,0.00023366048571604682,0.999766339514284
12.338588588588587,1.0909364197158369,0.00022272183455645045,0.9997772781654436
12.362362362362362,1.095758595124524,0.00021223886144205239,0.9997877611385579
12.386136136136136,1.1006074808292163,0.00020219519324717847,0.9997978048067528
12.40990990990991,1.1054832611837577,0.00019257493537325828,0.9998074250646267
12.433683683683682,1.110386122729608,0.00018336266197871705,0.9998166373380213
12.457457457457457,1.1153162542169837,0.00017454340625439,0.9998254565937457
12.48123123123123,1.1202738466261035,0.00016610265075070135,0.9998338973492493
12.505005005005005,1.125259093188551,0.0001580263177625632,0.9998419736822375
12.528778778778777,1.1302721894087622,0.00015030075977768708,0.9998496992402223
12.552552552552552,1.1353133330856517,0.00014291274999372148,0.9998570872500063
12.576326326326326,1.1403827243343796,0.00013584947290938524,0.9998641505270907
12.6001001001001,1.145480565608281,0.00012909851499447148,0.9998709014850056
12.623873873873872,1.1506070617209536,0.00012264785544338443,0.9998773521445566
12.647647647647647,1.1557624198685328,0.00011648585701657276,0.9998835141429834
12.671421421421421,1.1609468496521393,0.00011060125697403041,0.999889398743026
12.695195195195195,1.1661605631005343,0.00010498315810473545,0.9998950168418953
12.718968968968968,1.1714037746929773,9.962101985570619e-05,0.9999003789801443
12.742742742742742,1.1766767013823038,9.450464956409872e-05,0.9999054953504359
12.766516516516516,1.181979562618228,8.962419379555505e-05,0.9999103758062045
12.79029029029029,1.187312580370882,8.497012979177804e-05,0.9999150298702082
12.814064064064063,1.1926759791546147,8.053325703009542e-05,0.9999194667429699
12.837837837837837,1.1980699860520383,7.630468889758006e-05,0.9999236953111024
12.861611611611611,1.2034948307383488,7.22758444820692e-05,0.9999277241555179
12.885385385385385,1.2089507455059316,6.84384404822274e-05,0.9999315615595178
12.909159159159158,1.2144379652892516,6.478448323862215e-05,0.9999352155167613
12.932932932932932,1.219956727690055,6.130626088756448e-05,0.9999386937391125
12.956706706706706,1.2255072730028709,5.799633563931552e-05,0.9999420036643607
12.98048048048048,1.2310898442408524,5.484753618204702e-05,0.999945152463818
13.004254254254253,1.2367046871619396,5.185295021280805e-05,0.9999481470497872
13.028028028028027,1.2423520502953778,4.9005917096552104e-05,0.9999509940829034
13.051801801801801,1.248032184968584,4.63000206541435e-05,0.9999536999793459
13.075575575575575,1.2537453453343896,4.372908208008376e-05,0.9999562709179199
13.099349349349348,1.2594917883986518,4.1287152990570516e-05,0.9999587128470094
13.123123123123122,1.2652717740482715,3.8968508602331885e-05,0.9999610314913977
13.146896896896896,1.2710855650795887,3.676764104257225e-05,0.9999632323589575
13.17067067067067,1.2769334272272113,3.4679252790192693e-05,0.9999653207472098
13.194444444444443,1.2828156291932573,3.269825024835283e-05,0.9999673017497517
13.218218218218217,1.2887324426770297,3.081973744830046e-05,0.9999691802625517
13.241991991991991,1.2946841424051472,2.9039009884276097e-05,0.9999709609901157
13.265765765765765,1.300671006162118,2.7351548479196193e-05,0.9999726484515208
13.289539539539538,1.306693314821397,2.5753013680694075e-05,0.9999742469863193
13.313313313313312,1.3127513523769125,2.4239239687008566e-05,0.999975760760313
13.337087087087086,1.3188454059750894,2.2806228802099732e-05,0.9999771937711979
13.36086086086086,1.3249757659473747,2.1450145919280558e-05,0.9999785498540807
13.384634634634633,1.3311427258432766,2.0167313132562287e-05,0.9999798326868674
13.408408408408407,1.3373465824639372,1.8954204474822896e-05,0.9999810457955252
13.432182182182181,1.3435876358962304,1.7807440781831727e-05,0.9999821925592182
13.455955955955956,1.3498661895474242,1.6723784681076655e-05,0.9999832762153189
13.479729729729728,1.3561825501803957,1.570013570427598e-05,0.9999842998642957
13.503503503503502,1.3625370279494244,1.4733525522381086e-05,0.9999852664744776
13.527277277277276,1.3689299364365728,1.3821113301813771e-05,0.9999861788866982
13.55105105105105,1.3753615926886626,1.296018118061952e-05,0.9999870398188194
13.574824824824823,1.3818323172548632,1.2148129863160178e-05,0.9999878518701368
13.598598598598597,1.3883424342249027,1.1382474331914736e-05,0.999988617525668
13.622372372372372,1.3948922712679175,1.0660839674906926e-05,0.9999893391603251
13.646146146146146,1.4014821596719436,9.980957027231886e-06,0.9999900190429728
13.669919919919918,1.4081124343840783,9.340659625107923e-06,0.9999906593403749
13.693693693693692,1.4147834340513077,8.737878970842191e-06,0.9999912621210292
13.717467467467467,1.4214955010620198,8.170641107059828e-06,0.999991829358893
13.74124124124124,1.4282489815882267,7.637062998511288e-06,0.9999923629370014
13.765015015015015,1.4350442256284899,7.1353490197446175e-06,0.9999928646509803
13.788788788788787,1.441881587051574,6.663787546898204e-06,0.9999933362124531
13.812562562562562,1.4487614236408441,6.2207476518455106e-06,0.9999937792523481
13.836336336336336,1.4556840971394114,5.804675896901452e-06,0.999994195324103
13.86011011011011,1.462649973296043,5.4140932282793286e-06,0.9999945859067717
13.883883883883883,1.4696594219118608,5.0475919664700495e-06,0.9999949524080335
13.907657657657657,1.4767128168878305,4.7038328917016285e-06,0.9999952961671082
13.931431431431431,1.4838105362730492,4.381542422624431e-06,0.9999956184575773
13.955205205205205,1.4909529623138764,4.079509886356252e-06,0.9999959204901137
13.978978978978978,1.4981404815038828,3.7965848780168667e-06,0.999996203415122
14.002752752752752,1.5053734846346627,3.5316747078730913e-06,0.9999964683252921
14.026526526526526,1.5126523668475087,3.2837419342144063e-06,0.9999967162580657
14.0503003003003,1.5199775276859706,3.051801980076945e-06,0.9999969481980199
14.074074074074073,1.5273493711493076,2.8349208319348165e-06,0.999997165079168
14.097847847847847,1.5347683057468593,2.632212818480157e-06,0.9999973677871815
14.121621621621621,1.5422347445533353,2.4428384676183125e-06,0.9999975571615324
14.145395395395395,1.5497491052650654,2.266002439809855e-06,0.9999977339975602
14.169169169169168,1.557311810257192,2.1009515359006234e-06,0.9999978990484641
14.192942942942942,1.5649232866418492,1.9469727775888073e-06,0.9999980530272224
14.216716716716716,1.5725839663273353,1.803391558690404e-06,0.9999981966084414
14.24049049049049,1.5802942860782925,1.6695698653764476e-06,0.9999983304301346
14.264264264264263,1.5880546875769181,1.5449045635694555e-06,0.9999984550954364
14.288038038038037,1.595865617485216,1.4288257517019888e-06,0.9999985711742483
14.311811811811811,1.603727527508312,1.3207951770565194e-06,0.999998679204823
14.335585585585585,1.611640874458858,1.2203047139237663e-06,0.999998779695286
14.359359359359358,1.6196061203225165,1.1268749018358153e-06,0.9999988731250982
14.383133133133132,1.6276237323245866,1.0400535421496894e-06,0.9999989599464578
14.406906906906906,1.6356941829977485,9.594143512789482e-07,0.9999990405856487
14.43068068068068,1.6438179502509698,8.845556688921574e-07,0.9999991154443311
14.454454454454453,1.6519955174395753,8.150992194204241e-07,0.9999991849007805
14.478228228228227,1.6602273734365876,7.506889252390881e-07,0.9999992493110748
14.502002002002001,1.6685140127051215,6.909897699157539e-07,0.99999930901023
14.525775775775776,1.676855935372182,6.356867099374669e-07,0.9999993643132901
14.549549549549548,1.685253647303637,5.844836333606459e-07,0.9999994155163666
14.573323323323322,1.6937076601804895,5.371023638508337e-07,0.9999994628976362
14.597097097097096,1.7022184915764338,4.932817086076769e-07,0.9999995067182914
14.62087087087087,1.7107866650367627,4.527765486975921e-07,0.9999995472234513
14.644644644644643,1.719412710158598,4.153569703451802e-07,0.9999995846430296
14.668418418418417,1.7280971626725092,3.80807435762503e-07,0.9999996191925642
14.692192192192191,1.736840564525502,3.4892599212450755e-07,0.9999996510740079
14.715965965965966,1.745643463965453,3.19523517327729e-07,0.9999996804764827
14.739739739739738,1.754506415626964,2.924230011991875e-07,0.9999997075769989
14.763513513513512,1.7634299806186964,2.674588608517452e-07,0.9999997325411392
14.787287287287286,1.7724147266121963,2.444762889122175e-07,0.9999997555237111
14.81106106106106,1.7814612279322344,2.2333063337840715e-07,0.9999997766693666
14.834834834834833,1.7905700656486936,2.038868078912932e-07,0.9999997961131921
14.858608608608607,1.7997418276700452,1.8601873123871283e-07,0.9999998139812688
14.882382382382382,1.8089771088383984,1.6960879493708172e-07,0.9999998303912051
14.906156156156156,1.8182765110262067,1.5454735776760647e-07,0.9999998454526422
14.929929929929928,1.8276406432346157,1.407322661736636e-07,0.9999998592677338
14.953703703703702,1.8370701216935184,1.2806839945579605e-07,0.9999998719316006
14.977477477477477,1.8465655699632986,1.1646723873071424e-07,0.9999998835327613
15.00125125125125,1.856127619038369,1.0584645865012178e-07,0.9999998941535414
15.025025025025023,1.8657569074524492,9.612954090485046e-08,0.9999999038704591
15.048798798798797,1.875454081385688,8.724540856876192e-08,0.9999999127545914
15.072572572572572,1.8852197947736176,7.912808036596767e-08,0.9999999208719196
15.096346346346346,1.895054709417995,7.171634397349017e-08,0.999999928283656
15.120120120120118,1.9049594950995639,6.495344749984447e-08,0.9999999350465525
15.143893893893893,1.9149348296927615,5.878680830804085e-08,0.9999999412131917
15.167667667667667,1.9249813992824178,5.316773837911259e-08,0.9999999468322616
15.191441441441441,1.9350998982824799,4.805118543955342e-08,0.9999999519488145
15.215215215215213,1.9452910295567925,4.3395489102888476e-08,0.9999999566045109
15.238988988988988,1.9555555045420032,3.916215130201711e-08,0.9999999608378487
15.262762762762762,1.9658940433725698,3.5315620314984125e-08,0.9999999646843797
15.286536536536536,1.9763073750079927,3.1823087712297366e-08,0.9999999681769123
15.31031031031031,1.986796237362237,2.865429757902485e-08,0.9999999713457024
15.334084084084083,1.9973613774354435,2.578136738940525e-08,0.9999999742186326
15.357857857857857,2.0080035514479335,2.3178619935799373e-08,0.9999999768213801
15.381631631631631,2.0187235249765783,2.0822425737328392e-08,0.9999999791775742
15.405405405405405,2.0295220730935575,1.8691055376575734e-08,0.9999999813089446
15.429179179179178,2.04039998050757,1.6764541235203498e-08,0.9999999832354588
15.452952952952952,2.0513580417075428,1.5024548121283377e-08,0.9999999849754518
15.476726726726726,2.062397061108861,1.3454252302538709e-08,0.9999999865457477
15.5005005005005,2.0735178532022114,1.2038228480525012e-08,0.9999999879617715
15.524274274274273,2.0847212427050623,1.0762344261074726e-08,0.9999999892376558
15.548048048048047,2.0960080647158277,9.61366169604815e-09,0.9999999903863384
15.571821821821821,2.1073791648707836,8.580345490594462e-09,0.9999999914196545
15.595595595595595,2.118835399503802,7.651577488723329e-09,0.9999999923484225
15.619369369369368,2.1303776358089146,6.8174770680286966e-09,0.999999993182523
15.643143143143142,2.142006752005819,6.0690270918669435e-09,0.9999999939309729
15.666916916916916,2.153723637508335,5.398005084212572e-09,0.999999994601995
15.69069069069069,2.1655291930959173,4.79691930876054e-09,0.9999999952030807
15.714464464464463,2.1774243310882344,4.258949449649946e-09,0.9999999957410506
15.738238238238237,2.189409975522942,3.777891606427233e-09,0.9999999962221084
15.762012012012011,2.201487062336644,3.3481073305806847e-09,0.9999999966518927
15.785785785785786,2.2136565395491528,2.964476445140406e-09,0.9999999970355236
15.809559559559558,2.225919367451117,2.622353402478247e-09,0.9999999973776466
15.833333333333332,2.238276518795055,2.3175269485576078e-09,0.999999997682473
15.857107107107106,2.250728978989891,2.0461828744797834e-09,0.9999999979538171
15.88088088088088,2.2632777462990505,1.8048696482680135e-09,0.9999999981951303
15.904654654654653,2.2759238320422126,1.590466731424849e-09,0.9999999984095332
15.928428428428427,2.2886682608007614,1.4001553959080074e-09,0.9999999985998446
15.952202202202201,2.30151207062704,1.2313918677992455e-09,0.9999999987686081
15.975975975975976,2.314456313257469,1.0818826341063943e-09,0.9999999989181174
15.999749749749748,2.327502054329634,9.49561758846493e-10,0.9999999990504382
16.023523523523522,2.3406503736034048,8.325700638232507e-10,0.99999999916743
16.047297297297295,2.3539023651861624,7.292360383433057e-10,0.999999999270764
16.07107107107107,2.3672591377622707,6.380583505262316e-10,0.9999999993619416
16.094844844844843,2.3807218148268112,5.576898408660574e-10,0.9999999994423101
16.11861861861862,2.39429153492374,4.869228863061399e-10,0.9999999995130772
16.14239239239239,2.407969451888507,4.246760303109697e-10,0.9999999995753239
16.166166166166164,2.421756735095279,3.699817812665352e-10,0.9999999996300182
16.18993993993994,2.435654569708835,3.2197548803059166e-10,0.9999999996780246
16.213713713713712,2.4496641569412283,2.7988520759611555e-10,0.9999999997201148
16.237487487487485,2.4637867143133625,2.430224856386316e-10,0.9999999997569775
16.26126126126126,2.478023475921545,2.1077397620372611e-10,0.999999999789226
16.285035035035033,2.492375692709134,1.8259383196633528e-10,0.9999999998174062
16.30880880880881,2.506844632743417,1.5799680137126578e-10,0.9999999998420032
16.33258258258258,2.521431581497787,1.3655197355699386e-10,0.999999999863448
16.356356356356354,2.5361378421394027,1.1787711628345078e-10,0.9999999998821228
16.38013013013013,2.550964735822378,1.0163355614200018e-10,0.9999999998983664
16.403903903903903,2.5659136019866606,8.752155413275997e-11,0.9999999999124785
16.427677677677675,2.5809857986627516,7.527613326296332e-11,0.9999999999247239
16.45145145145145,2.5961827027823365,6.466331816109368e-11,0.9999999999353367
16.475225225225223,2.6115057104950026,5.547674982583737e-11,0.9999999999445233
16.498998998999,2.626956237491178,4.753464154743835e-11,0.9999999999524654
16.522772772772772,2.64253571933139,4.06770447620404e-11,0.999999999959323
16.546546546546544,2.6582456117820565,3.4763396137113355e-11,0.9999999999652366
16.57032032032032,2.674087391157885,2.967031954813403e-11,0.9999999999703297
16.594094094094093,2.690062554671071,2.5289658802536592e-11,0.9999999999747103
16.617867867867865,2.7061726207874526,2.15267190060321e-11,0.9999999999784733
16.64164164164164,2.7224191295897495,1.8298696357462645e-11,0.9999999999817013
16.665415415415413,2.738803643148071,1.5533277910014455e-11,0.9999999999844668
16.68918918918919,2.7553277458978602,1.3167394457134843e-11,0.9999999999868326
16.712962962962962,2.7719930450254395,1.1146111198798258e-11,0.9999999999888539
16.736736736736734,2.7888011708613205,9.421642225451412e-12,0.9999999999905783
16.76051051051051,2.805753777281492,7.952476130324886e-12,0.9999999999920475
16.784284284284283,2.8228525421168205,6.702601232815506e-12,0.9999999999932974
16.80805805805806,2.8400991675708016,5.640819972935983e-12,0.9999999999943592
16.83183183183183,2.8574953806458296,4.740143025773217e-12,0.9999999999952599
16.855605605605604,2.8750429335781895,3.977254591497008e-12,0.9999999999960227
16.87937937937938,2.892743604281977,3.332041146458483e-12,0.999999999996668
16.903153153153152,2.9105991968021425,2.787176699741683e-12,0.9999999999972128
16.926926926926924,2.9286115417769283,2.3277582923225555e-12,0.9999999999976722
16.9507007007007,2.946782496909828,1.9409861076167768e-12,0.999999999998059
16.974474474474473,2.965113947451379,1.6158831372295466e-12,0.9999999999983841
16.99824824824825,2.9836078066909946,1.3430498684983224e-12,0.999999999998657
17.02202202202202,3.0022660164590493,1.1144499349906502e-12,0.9999999999988856
17.045795795795794,3.0210905476394947,9.23223101301963e-13,0.9999999999990767
17.06956956956957,3.040083400693258,7.635223428707015e-13,0.9999999999992365
17.093343343343342,3.0592466061926546,6.303721334308071e-13,0.9999999999993696
17.117117117117115,3.078582225367113,5.195453702796033e-13,0.9999999999994804
17.14089089089089,3.0980923506604694,4.274566536672383e-13,0.9999999999995726
17.164664664664663,3.1177791063001186,3.510698940216056e-13,0.999999999999649
17.18843843843844,3.1376446488783083,2.8781845193127704e-13,0.9999999999997122
17.21221221221221,3.1576911679458566,2.35536223155445e-13,0.9999999999997644
17.235985985985984,3.1779208866186495,1.9239826657854505e-13,0.9999999999998076
17.25975975975976,3.1983360621971784,1.568697389796115e-13,0.9999999999998431
17.283533533533532,3.2189389867994347,1.2766204858772876e-13,0.9999999999998723
17.307307307307305,3.2397319880075783,1.036952713462641e-13,0.9999999999998963
17.33108108108108,3.2607174295285923,8.406599117370343e-14,0.999999999999916
17.354854854854853,3.281897711869394,6.80198297215048e-14,0.9999999999999319
17.37862862862863,3.3032752730266792,5.4928023505261726e-14,0.999999999999945
17.4024024024024,3.3248525891919063,4.426748802534808e-14,0.9999999999999557
17.426176176176174,3.3466321754718105,3.560388069460898e-14,0.9999999999999644
17.44994994994995,3.3686165866248095,2.8577238052541533e-14,0.9999999999999715
17.473723723723722,3.3908084178136946,2.2889818776220926e-14,0.9999999999999771
17.497497497497495,3.413210305375113,1.8295833222457113e-14,0.9999999999999817
17.52127127127127,3.435824927606129,1.4592783400098458e-14,0.9999999999999855
17.545045045045043,3.458655005568395,1.1614175050742712e-14,0.9999999999999883
17.56881881881882,3.481703303910392,9.223396519618374e-15,0.9999999999999908
17.59259259259259,3.5049726317080943,7.308587874150336e-15,0.9999999999999927
17.616366366366364,3.5284658433247187,5.778348768406831e-15,0.9999999999999942
17.64014014014014,3.552185839289855,4.558155299123407e-15,0.9999999999999954
17.663913913913913,3.5761355671985893,3.587374948527122e-15,0.9999999999999964
17.687687687687685,3.6003180226311886,2.81678501393176e-15,0.9999999999999972
17.71146146146146,3.624736250093719,2.20651399862326e-15,0.9999999999999978
17.735235235235233,3.64939334398031,1.724337562704543e-15,0.9999999999999982
17.75900900900901,3.67429244955757,1.3442710546516781e-15,0.9999999999999987
17.782782782782782,3.6994367639716903,1.0454095841635554e-15,0.999999999999999
17.806556556556554,3.724829537278957,8.109742487159794e-16,0.9999999999999992
17.83033033033033,3.7504740735001567,6.275296612990423e-16,0.9999999999999993
17.854104104104103,3.7763737316996018,4.843434957193477e-16,0.9999999999999996
17.877877877877875,3.8025319270894307,3.728635007733211e-16,0.9999999999999997
17.90165165165165,3.8289521321598285,2.8629145126416296e-16,0.9999999999999997
17.925425425425423,3.8556378778358242,2.1923690333506434e-16,0.9999999999999998
17.9491991991992,3.8825927546615673,1.6743649202464953e-16,0.9999999999999998
17.972972972972972,3.9098204140125254,1.2752692691202534e-16,0.9999999999999999
17.996746746746744,3.937324569336705,9.686187363444072e-17,0.9999999999999999
18.02052052052052,3.965108997425394,7.336461241222116e-17,0.9999999999999999
18.044294294294293,3.9931775397144236,5.5409789102700837e-17,1.0
18.068068068068065,4.021534103616684,4.1728762436854e-17,1.0
18.09184184184184,4.050182663886849,3.133403963919682e-17,1.0
18.115615615615614,4.07912726401907,2.345911300535397e-17,1.0
18.13938938938939,4.108372017678718,1.7510689046203153e-17,1.0
18.163163163163162,4.137921110168948,1.3030862367833573e-17,1.0
18.186936936936934,4.167778799933239,9.667247972151061e-18,1.0
18.21071071071071,4.1979494200947505,7.149464601158296e-18,1.0
18.234484484484483,4.2284373800336486,5.270672025830609e-18,1.0
18.25825825825826,4.259247167003435,3.873118528494693e-18,1.0
18.28203203203203,4.290383347787363,2.8368611044262505e-18,1.0
18.305805805805804,4.321850570396152,2.0709883765820988e-18,1.0
18.32957957957958,4.3536535658080755,1.5068117816795822e-18,1.0
18.353353353353352,4.385797149752709,1.0925999993294201e-18,1.0
18.377127127127125,4.418286224539633,7.895196380958562e-19,1.0
18.4009009009009,4.451125780933267,5.68515821775103e-19,1.0
18.424674674674673,4.484320900075242,4.0792280461287054e-19,1.0
18.44844844844845,4.5178767554557675,2.9163977642275374e-19,1.0
18.47222222222222,4.551798614935247,2.0774280569780507e-19,1.0
18.495995995995994,4.586091842817792,1.474322170447289e-19,1.0
18.51976976976977,4.62076190197803,1.0423708134984732e-19,1.0
18.543543543543542,4.655814356042863,7.341610989866684e-20,1.0
18.567317317317315,4.691254871629768,5.150805671887636e-20,1.0
18.59109109109109,4.727089220643324,3.5995529365096065e-20,1.0
18.614864864864863,4.763323282631668,2.505451689782045e-20,1.0
18.63863863863864,4.799963047204798,1.7368469780376463e-20,1.0
18.66241241241241,4.8370146165164005,1.1990813173445563e-20,1.0
18.686186186186184,4.8744842078112836,8.243663748391942e-21,1.0
18.70995995995996,4.912378156040296,5.6435053729444474e-21,1.0
18.733733733733732,4.950702916544833,3.846862140056659e-21,1.0
18.757507507507505,4.989465067813069,2.610746706193072e-21,1.0
18.78128128128128,5.028671314310051,1.7639820993537154e-21,1.0
18.805055055055053,5.068328489383957,1.1864931920506684e-21,1.0
18.82882882882883,5.1084435582509515,7.94415520039847e-22,1.0
18.8526026026026,5.149023621060898,5.294326816410683e-22,1.0
18.876376376376374,5.190075916046617,3.5117443695242585e-22,1.0
18.90015015015015,5.231607822759222,2.3182064812425326e-22,1.0
18.923923923923923,5.273626865392179,1.5228801720802704e-22,1.0
18.947697697697695,5.316140716197056,9.954751520092513e-23,1.0
18.97147147147147,5.3591571989936275,6.474589118221231e-23,1.0
18.995245245245243,5.402684292777527,4.189637484957259e-23,1.0
19.01901901901902,5.446730135428494,2.6970424522482387e-23,1.0
19.042792792792792,5.491303027522302,1.7270709198052983e-23,1.0
19.066566566566564,5.536411436249973,1.1000358567992919e-23,1.0
19.09034034034034,5.582063999447475,6.96851563597215e-24,1.0
19.114114114114113,5.628269529739576,4.390077736061227e-24,1.0
19.137887887887885,5.67503701880166,2.7501956204029048e-24,1.0
19.16166166166166,5.722375641743163,1.7130678277208198e-24,1.0
19.185435435435434,5.77029476161681,1.0608756114686765e-24,1.0
19.20920920920921,5.818803934057659,6.531182304659558e-25,1.0
19.232982982982982,5.86791291205626,3.996816640069609e-25,1.0
19.256756756756754,5.917631650870502,2.431019741774476e-25,1.0
19.28053053053053,5.967970313080564,1.469502920147255e-25,1.0
19.304304304304303,6.018939273791933,8.82703949109564e-26,1.0
19.328078078078075,6.07054912599137,5.268370743542998e-26,1.0
19.35185185185185,6.12281068606106,3.1239729002208895e-26,1.0
19.375625625625624,6.175734999456181,1.840178215689066e-26,1.0
19.3993993993994,6.229333346551634,1.0766764684287913e-26,1.0
19.423173173173172,6.283617248663493,6.256525657216661e-27,1.0
19.446946946946944,6.338598474251426,3.61037905538776e-27,1.0
19.47072072072072,6.394289045308102,2.0686724183957413e-27,1.0
19.494494494494493,6.450701243942128,1.1767837380459684e-27,1.0
19.518268268268265,6.507847619161389,6.645277235543147e-28,1.0
19.54204204204204,6.56574099386354,3.724649171311637e-28,1.0
19.565815815815814,6.624394472041058,2.071841620354179e-28,1.0
19.58958958958959,6.6838214462085,1.1435850878760106e-28,1.0
19.613363363363362,6.744035605059557,6.262701529370166e-29,1.0
19.637137137137135,6.805050941362419,3.402322488242625e-29,1.0
19.66091091091091,6.866881760101653,1.833359535961463e-29,1.0
19.684684684684683,6.929542686875576,9.797486969078604e-30,1.0
19.708458458458455,6.993048676558394,5.1917250640663754e-30,1.0
19.73223223223223,7.057415022236535,2.727546719013742e-30,1.0
19.756006006006004,7.122657364429198,1.4204577027098824e-30,1.0
19.77977977977978,7.188791700603562,7.3317987159176865e-31,1.0
19.803553553553552,7.255834394995413,3.7501428510168903e-31,1.0
19.827327327327325,7.323802188746418,1.9004980727116517e-31,1.0
19.8511011011011,7.39271221036982,9.541024523660316e-32,1.0
19.874874874874873,7.462581986556662,4.7441064971042676e-32,1.0
19.89864864864865,7.533429453335555,2.335972849969592e-32,1.0
19.92242242242242,7.605272967598793,1.1388207529967676e-32,1.0
19.946196196196194,7.678131319009123,5.495858885373771e-33,1.0
19.96996996996997,7.752023742301243,2.624973093225058e-33,1.0
19.993743743743742,7.826969929993216,1.2406169160864604e-33,1.0
20.017517517517515,7.902990045523505,5.800781828948537e-34,1.0
20.04129129129129,7.980104736829927,2.6827591365853036e-34,1.0
20.065065065065063,8.058335150387476,1.2269625674930482e-34,1.0
20.08883883883884,8.13770294572329,5.548062665602583e-35,1.0
20.11261261261261,8.218230310426662,2.479793152689902e-35,1.0
20.136386386386384,8.299939975674226,1.0953549851134567e-35,1.0
20.16016016016016,8.382855232290083,4.7803368985352075e-36,1.0
20.183933933933933,8.466999947362277,2.0607373881490134e-36,1.0
20.207707707707705,8.552398581437778,8.772857907112652e-37,1.0
20.23148148148148,8.639076206318968,3.687270113386112e-37,1.0
20.255255255255253,8.727058523485894,1.529687101889634e-37,1.0
20.27902902902903,8.816371883169632,6.262094426494558e-38,1.0
20.302802802802802,8.907043304102901,2.528940632565732e-38,1.0
20.326576576576574,8.999100493975991,1.007254783365573e-38,1.0
20.35035035035035,9.092571870626573,3.9554719359170095e-39,1.0
20.374124124124123,9.187486583993708,1.5310484877753355e-39,1.0
20.397897897897895,9.283874538867902,5.8395768153105305e-40,1.0
20.42167167167167,9.381766418470221,2.1940289022056015e-40,1.0
20.445445445445444,9.48119370889506,8.117739460125373e-41,1.0
20.46921921921922,9.582188724453225,2.956782158008257e-41,1.0
20.492992992992992,9.684784633953036,1.059865987479734e-41,1.0
20.516766766766764,9.789015487959803,3.7375078017967726e-42,1.0
20.54054054054054,9.894916247075034,1.2961669835986774e-42,1.0
20.564314314314313,10.002522811279482,4.4190771555321475e-43,1.0
20.588088088088085,10.111872050386172,1.4805867988151485e-43,1.0
20.61186186186186,10.223001835651193,4.873077829081803e-44,1.0
20.635635635635634,10.335951072593193,1.574965497685281e-44,1.0
20.65940940940941,10.450759735074696,4.996470853828612e-45,1.0
20.683183183183182,10.567468900700641,1.555256023981176e-45,1.0
20.706956956956954,10.686120787593218,4.747918928812925e-46,1.0
20.73073073073073,10.806758792603903,1.42095098000051e-46,1.0
20.754504504504503,10.929427531027535,4.167115460854247e-47,1.0
20.778278278278275,11.05417287788649,1.196942743208905e-47,1.0
20.80205205205205,11.18104201085582,3.365795553307072e-48,1.0
20.825825825825824,11.310083454904714,9.26121275977709e-49,1.0
20.8495995995996,11.44134712873298,2.492280785603e-49,1.0
20.873373373373372,11.574884393085604,6.556197062977958e-50,1.0
20.897147147147145,11.710748101032639,1.685013607393052e-50,1.0
20.92092092092092,11.848992650306336,4.2287787493399804e-51,1.0
20.944694694694693,11.989674037792179,1.0357226180311913e-51,1.0
20.968468468468465,12.132849916276104,2.4742211829112924e-52,1.0
20.99224224224224,12.278579653554765,5.761589509428282e-53,1.0
21.016016016016014,12.426924394022246,1.3070412414932484e-53,1.0
21.03978978978979,12.577947122852844,2.886728324342197e-54,1.0
21.063563563563562,12.731712732904882,6.203122446150256e-55,1.0
21.087337337337335,12.888288094479151,1.296021477426354e-55,1.0
21.11111111111111,13.047742128071445,2.630947182926139e-56,1.0
21.134884884884883,13.210145880266905,5.185630826338938e-57,1.0
21.158658658658656,13.37557260293287,9.91659250021817e-58,1.0
21.18243243243243,13.54409783587424,1.8385128937271158e-58,1.0
21.206206206206204,13.71579949312587,3.3019907870764815e-59,1.0
21.22997997997998,13.890757953066359,5.74038366665944e-60,1.0
21.253753753753752,14.069056152547128,9.651652528489682e-61,1.0
21.277527527527525,14.250779685243296,1.5681456712623564e-61,1.0
21.3013013013013,14.436016904443578,2.4598656169475123e-62,1.0
21.325075075075073,14.624859030510114,3.722034969484545e-63,1.0
21.34884884884885,14.817400263252102,5.427308392700237e-64,1.0
21.37262262262262,15.013737899471392,7.619052742010503e-65,1.0
21.396396396396394,15.21397245595472,1.0287109206455275e-65,1.0
21.42017017017017,15.418207798201982,1.3344752662388954e-66,1.0
21.443943943943943,15.626551275198803,1.6614462842418692e-67,1.0
21.467717717717715,15.839113860560147,1.983073111495951e-68,1.0
21.49149149149149,16.05601030039108,2.2665716707633422e-69,1.0
21.515265265265263,16.27735926823253,2.4777820547431762e-70,1.0
21.53903903903904,16.50328352748335,2.587536662941198e-71,1.0
21.562812812812812,16.73391010171268,2.5780303533637474e-72,1.0
21.586586586586584,16.9693704533051,2.44735354620662e-73,1.0
21.61036036036036,17.20980067090657,2.2106579198027985e-74,1.0
21.634134134134133,17.455341666170796,1.8973635415603972e-75,1.0
21.657907907907905,17.70613938033716,1.545076253543107e-76,1.0
21.68168168168168,17.962345001205552,1.1919637397241964e-77,1.0
21.705455455455454,18.224115191110393,8.697802742471211e-79,1.0
21.72922922922923,18.4916123265361,5.993551697143079e-80,1.0
21.753003003003002,18.76500475005763,3.893642255150614e-81,1.0
21.776776776776774,19.044467035337217,2.380492197893411e-82,1.0
21.80055055055055,19.330180265955068,1.3671934458446764e-83,1.0
21.824324324324323,19.6223323289059,7.362574114663933e-85,1.0
21.848098098098095,19.921118223650673,3.710385431002317e-86,1.0
21.87187187187187,20.2267403876711,1.7462999123485104e-87,1.0
21.895645645645644,20.539409039543077,7.659777076460746e-89,1.0
21.91941941941942,20.859342540614342,3.124370938736941e-90,1.0
21.943193193193192,21.18676777644844,1.1824229704264265e-91,1.0
21.966966966966964,21.521920559279295,4.14212133205725e-93,1.0
21.99074074074074,21.865046052809383,1.3398239347418583e-94,1.0
22.014514514514513,22.216399220780275,3.9915383965064195e-96,1.0
22.038288288288285,22.576245300849365,1.0923168729555075e-97,1.0
22.06206206206206,22.94486030541598,2.738255810652152e-99,1.0
22.085835835835834,23.322531551163745,6.270015838769352e-101,1.0
22.10960960960961,23.709558219216618,1.3074743422241779e-102,1.0
22.133383383383382,24.106251947947303,2.4752222547991388e-104,1.0
22.157157157157155,24.51293746063248,4.2403476170816794e-106,1.0
22.18093093093093,24.929953230314933,6.551262244778297e-108,1.0
22.204704704704703,25.357652184414697,9.096033007168409e-110,1.0
22.228478478478475,25.796402451829938,1.1307948630161472e-111,1.0
22.25225225225225,26.246588155479092,1.2538689780474431e-113,1.0
22.276026026026024,26.708610253471846,1.235138561825756e-115,1.0
22.2997997997998,27.1828874323501,1.0763563172717138e-117,1.0
22.323573573573572,27.669857056112786,8.261784440482612e-120,1.0
22.347347347347345,28.16997617504481,5.560119466573697e-122,1.0
22.37112112112112,28.6837225986935,3.2652147839827513e-124,1.0
22.394894894894893,29.211596037699156,1.6648938044017342e-126,1.0
22.418668668668666,29.75411931957471,7.332260074372247e-129,1.0
22.44244244244244,30.31183968395897,2.773889099743078e-131,1.0
22.466216216216214,30.885330163336846,8.962962673291695e-134,1.0
22.48998998998999,31.475191055734008,2.458772126708022e-136,1.0
22.513763763763762,32.082051496452664,5.690584469873484e-139,1.0
22.537537537537535,32.70657113653748,1.1038308789746311e-141,1.0
22.56131131131131,33.349441936332944,1.7821741077033136e-144,1.0
22.585085085085083,34.011390083242404,2.377638665224454e-147,1.0
22.608858858858856,34.69317804361587,2.601227666341855e-150,1.0
22.63263263263263,35.39560675959529,2.3150971037805908e-153,1.0
22.656406406406404,36.11951800273998,1.662120970143871e-156,1.0
22.68018018018018,36.86579689735355,9.54145419811403e-160,1.0
22.703953953953953,37.63537462763691,4.3389131117188205e-163,1.0
22.727727727727725,38.4292313441377,1.5477650631128063e-166,1.0
22.7515015015015,39.24839928643972,4.286510268125251e-170,1.0
22.775275275275273,40.09396614067592,9.117036209167448e-174,1.0
22.799049049049046,40.967078652267205,1.472225110987112e-177,1.0
22.822822822822822,41.8689465163007,1.783248442758437e-181,1.0
22.846596596596594,42.80084657020457,1.599636637437633e-185,1.0
22.87037037037037,43.76412731586527,1.0484463662582495e-189,1.0
22.894144144144143,44.76021380110463,4.949913144190697e-194,1.0
22.917917917917915,45.79061289353307,1.6581781132149575e-198,1.0
22.94169169169169,46.85691898323685,3.87902582245288e-203,1.0
22.965465465465464,47.96082015462151,6.230756765103077e-208,1.0
22.98923923923924,49.10410487204766,6.75022668480868e-213,1.0
23.013013013013012,50.288669228724615,4.839725409069556e-218,1.0
23.036786786786784,51.51652481376161,2.2506692131410722e-223,1.0
23.06056056056056,52.78980725835723,6.645325745212943e-229,1.0
23.084334334334333,54.110785528968194,1.2178128097796399e-234,1.0
23.108108108108105,55.48187204302076,1.3521580725640257e-240,1.0
23.13188188188188,56.905633691425855,8.865621597867557e-247,1.0
23.155655655655654,58.38480386200869,3.340063796005654e-253,1.0
23.17942942942943,59.92229556908903,7.022845568629444e-260,1.0
23.203203203203202,61.521215807061026,7.98896934866278e-267,1.0
23.226976976976974,63.18488126014085,4.756456122896387e-274,1.0
23.25075075075075,64.91683551672061,1.4305456774707703e-281,1.0
23.274524524524523,66.7208679553014,2.0926104845808504e-289,1.0
23.298298298298295,68.60103449012156,1.4296472249753529e-297,1.0
23.32207207207207,70.56168038873861,0.0,1.0
23.345845845845844,72.6074654014853,0.0,1.0
23.36961961961962,74.74339147443209,0.0,1.0
23.393393393393392,76.97483335391311,0.0,1.0
23.417167167167165,79.30757243264341,0.0,1.0
23.44094094094094,81.74783423583318,0.0,1.0
23.464714714714713,84.30233000166406,0.0,1.0
23.488488488488485,86.97830287530655,0.0,1.0
23.51226226226226,89.78357931090162,0.0,1.0
23.536036036036034,92.72662636350805,0.0,1.0
23.55980980980981,95.81661565516946,0.0,1.0
23.583583583583582,99.06349491865603,0.0,1.0
23.607357357357355,102.47806816246015,0.0,1.0
23.63113113113113,106.07208566509519,0.0,1.0
23.654904904904903,109.85834520060675,0.0,1.0
23.678678678678676,113.85080612620337,0.0,1.0
23.70245245245245,118.06471823427168,0.0,1.0
23.726226226226224,122.51676759348848,0.0,1.0
23.75,127.22524198812468,0.0,1.0
